image_width: 1280
image_height: 720
camera_name: pupil_world
camera_matrix:
  rows: 3
  cols: 3
#  data: [599.1974528755699, 0, 522.9875179988735, 0, 596.19268537804, 368.1988164069476, 0, 0, 1] for 1024x768
  data: [748.9968160944624, 0.0, 522.9875179988735, 0.0, 558.9306425419124, 368.1988164069476, 0.0, 0.0, 1.0]
distortion_model: plumb_bob
distortion_coefficients:
  rows: 1
  cols: 5
  data: [-0.352290903223995, 0.07721782022692857, -0.00069700021358744, -0.001632948849302866, 0]
rectification_matrix:
  rows: 3
  cols: 3
  data: [1, 0, 0, 0, 1, 0, 0, 0, 1]
projection_matrix:
  rows: 3
  cols: 4
#  data: [398.8738708496094, 0, 513.3269210129984, 0, 0, 479.9731750488281, 356.7624974720275, 0, 0, 0, 1, 0] for 1024x768
  data: [498.5923385620117, 0.0, 513.3269210129984, 0.0, 0.0, 449.97485160827637, 356.7624974720275, 0.0, 0.0, 0.0, 1.0, 0.0]
