image_width: 1280
image_height: 720
camera_name: pupil_world
camera_matrix:
  rows: 3
  cols: 3
#  data: [599.1974528755699, 0, 522.9875179988735, 0, 596.19268537804, 368.1988164069476, 0, 0, 1] for 1024x768
#  data: [642.12738515, 0., 516.34804296, 0., 642.96606832, 370.47412681, 0., 0., 1.] # for 1024x768
  data: [ 802.65923144, 0., 516.34804296, 0., 602.78068905, 370.47412681, 0., 0., 1.]
       
distortion_model: equidistant
distortion_coefficients:
  rows: 1
  cols: 4
  data: [-0.19016982, -0.11127976, 0.18629047, -0.08544254]
rectification_matrix:
  rows: 3
  cols: 3
  data: [1, 0, 0, 0, 1, 0, 0, 0, 1]
projection_matrix:
  rows: 3
  cols: 4
#  data: [398.8738708496094, 0, 513.3269210129984, 0, 0, 479.9731750488281, 356.7624974720275, 0, 0, 0, 1, 0] for 1024x768
#  data: [498.5923385620117, 0.0, 513.3269210129984, 0.0, 0.0, 449.97485160827637, 356.7624974720275, 0.0, 0.0, 0.0, 1.0, 0.0] # for 1024x768
  data: [ 802.65923144, 0., 516.34804296, 0., 0., 602.78068905, 370.47412681, 0., 0., 0., 1., 0. ]